  EFITD      07/22  /2011     1120824011  1140ms   0  33  33
 6.999999881e-01 1.399999976e+00 6.600000262e-01 4.000000060e-01 0.000000000e+00
 6.865819693e-01 6.913295947e-03-8.115277439e-02 3.349355981e-02 5.476915359e+00
 1.042010812e+06-8.115277439e-02 0.000000000e+00 6.865819693e-01 0.000000000e+00
 6.913295947e-03 0.000000000e+00 3.349355981e-02 0.000000000e+00 0.000000000e+00
 3.711604118e+00 3.704619169e+00 3.697945595e+00 3.691578627e+00 3.685513020e+00
 3.679743767e+00 3.674265623e+00 3.669073105e+00 3.664160728e+00 3.659523010e+00
 3.655154467e+00 3.651049137e+00 3.647201061e+00 3.643604755e+00 3.640254021e+00
 3.637142897e+00 3.634264946e+00 3.631614447e+00 3.629184961e+00 3.626970053e+00
 3.624963522e+00 3.623158932e+00 3.621549845e+00 3.620129824e+00 3.618892193e+00
 3.617830515e+00 3.616937876e+00 3.616208076e+00 3.615634203e+00 3.615209579e+00
 3.614927530e+00 3.614781380e+00 3.614764214e+00
 4.353484062e+05 4.079575000e+05 3.814560312e+05 3.558440000e+05 3.311213750e+05
 3.072882188e+05 2.843445000e+05 2.622902188e+05 2.411253594e+05 2.208499375e+05
 2.014639688e+05 1.829674219e+05 1.653603125e+05 1.486426562e+05 1.328144219e+05
 1.178756250e+05 1.038262734e+05 9.066635156e+04 7.839586719e+04 6.701482812e+04
 5.652321484e+04 4.692104297e+04 3.820830859e+04 3.038501367e+04 2.345115234e+04
 1.740672852e+04 1.225174219e+04 7.986192871e+03 4.610080078e+03 2.123404785e+03
 5.261661377e+02-1.816354065e+02 0.000000000e+00
-7.398697853e+00-7.060218334e+00-6.728566647e+00-6.403742313e+00-6.085745811e+00
-5.774576664e+00-5.470235348e+00-5.172721863e+00-4.882036209e+00-4.598177910e+00
-4.321146965e+00-4.050944328e+00-3.787568808e+00-3.531021118e+00-3.281301260e+00
-3.038408995e+00-2.802344322e+00-2.573107481e+00-2.350697994e+00-2.135116577e+00
-1.926362514e+00-1.724436164e+00-1.529337525e+00-1.341066599e+00-1.159623265e+00
-9.850075841e-01-8.172196150e-01-6.562592983e-01-5.021266341e-01-3.548216224e-01
-2.143443078e-01-8.069463819e-02 4.612736404e-02
-7.769460500e+06-7.521201500e+06-7.272942500e+06-7.024683500e+06-6.776424500e+06
-6.528165500e+06-6.279906500e+06-6.031647500e+06-5.783388500e+06-5.535129500e+06
-5.286870500e+06-5.038611500e+06-4.790352500e+06-4.542093500e+06-4.293834500e+06
-4.045575500e+06-3.797316500e+06-3.549057500e+06-3.300798500e+06-3.052539500e+06
-2.804280500e+06-2.556021500e+06-2.307762500e+06-2.059503625e+06-1.811244625e+06
-1.562985625e+06-1.314726625e+06-1.066467625e+06-8.182085625e+05-5.699495625e+05
-3.216905625e+05-7.343155469e+04 1.748274375e+05
 9.352713096e-05-1.196270110e-03-2.172296168e-03-2.478574403e-03-1.819699304e-03
-6.345105066e-05 2.716160612e-03 6.289487239e-03 1.040452719e-02 1.487243641e-02
 1.956775784e-02 2.440956980e-02 2.934786491e-02 3.435258940e-02 3.940550983e-02
 4.449641332e-02 4.962467775e-02 5.480783805e-02 6.010020524e-02 6.562343240e-02
 7.159533352e-02 7.830330729e-02 8.598174900e-02 9.467610717e-02 1.041888446e-01
 1.141300723e-01 1.240620315e-01 1.336316764e-01 1.426109821e-01 1.508819014e-01
 1.584108919e-01 1.652250141e-01 1.713931561e-01 1.358107111e-04-3.067130223e-03
-6.383622065e-03-8.395127021e-03-8.287582546e-03-5.756485276e-03-1.019805553e-03
 4.520744085e-03 1.006506290e-02 1.549366117e-02 2.083802596e-02 2.614396811e-02
 3.143002093e-02 3.670183197e-02 4.195083678e-02 4.715190083e-02 5.226180330e-02
 5.722088739e-02 6.196555495e-02 6.647529453e-02 7.101936638e-02 7.684757560e-02
 8.510899544e-02 9.604276717e-02 1.092221960e-01 1.231135279e-01 1.363143772e-01
 1.483184844e-01 1.589533091e-01 1.681970656e-01 1.761355698e-01 1.829273999e-01
 1.887691319e-01 2.376113553e-03-3.360194853e-03-1.093904953e-02-1.536322013e-02
-1.623930596e-02-1.289090980e-02-4.268310964e-03 3.936762456e-03 1.089392044e-02
 1.713722013e-02 2.299321629e-02 2.866186015e-02 3.424417973e-02 3.979025036e-02
 4.530902207e-02 5.076723546e-02 5.607925355e-02 6.108433753e-02 6.550174952e-02
 6.882400811e-02 7.014096528e-02 7.353423536e-02 8.215101063e-02 9.656108916e-02
 1.168185622e-01 1.373072416e-01 1.548712999e-01 1.697041094e-01 1.818917394e-01
 1.915826350e-01 1.990924627e-01 2.048703134e-01 2.094063759e-01 1.013624575e-02
 4.094520118e-03-4.772878252e-03-8.594891988e-03-1.024156623e-02-9.257356636e-03
 1.029462903e-03 8.516982198e-03 1.494990196e-02 2.088470012e-02 2.658309601e-02
 3.221048042e-02 3.787256032e-02 4.363188148e-02 4.951480776e-02 5.551081896e-02
 6.156390533e-02 6.755269319e-02 7.325015962e-02 7.822977751e-02 8.140326291e-02
 8.696704358e-02 9.768399596e-02 1.154804155e-01 1.399542987e-01 1.643272936e-01
 1.855465770e-01 2.030276060e-01 2.160833329e-01 2.246541232e-01 2.295204103e-01
 2.319976687e-01 2.333008945e-01 2.252085693e-02 1.776211895e-02 1.351694670e-02
 1.054470334e-02 9.467844851e-03 1.048860047e-02 1.340363547e-02 1.730625145e-02
 2.164209820e-02 2.626841515e-02 3.115190752e-02 3.631768748e-02 4.180810601e-02
 4.766799882e-02 5.393931270e-02 6.065999344e-02 6.786598265e-02 7.559864223e-02
 8.392690867e-02 9.301012754e-02 1.031179354e-01 1.156259105e-01 1.317427307e-01
 1.520265937e-01 1.764580607e-01 2.041293532e-01 2.330193520e-01 2.566941977e-01
 2.706977129e-01 2.742554247e-01 2.692621946e-01 2.629186809e-01 2.581508756e-01
 3.422297537e-02 3.001214378e-02 2.664732374e-02 2.421629243e-02 2.287109196e-02
 2.267804928e-02 2.358433977e-02 2.543940954e-02 2.808031999e-02 3.139386326e-02
 3.532318398e-02 3.985586762e-02 4.501063749e-02 5.082833767e-02 5.736846104e-02
 6.471110880e-02 7.296463847e-02 8.228023350e-02 9.287381917e-02 1.050531268e-01
 1.189632416e-01 1.352446675e-01 1.544453502e-01 1.772988737e-01 2.046761364e-01
 2.374853045e-01 2.751926780e-01 3.053890467e-01 3.202749193e-01 3.185719550e-01
 3.025244772e-01 2.874819338e-01 2.769201100e-01 4.297711700e-02 3.890448809e-02
 3.558974341e-02 3.308363259e-02 3.133182228e-02 3.037152998e-02 3.023299575e-02
 3.091440350e-02 3.239925578e-02 3.467389569e-02 3.773795813e-02 4.160840809e-02
 4.631964862e-02 5.192361772e-02 5.849172547e-02 6.611964107e-02 7.493595779e-02
 8.511581272e-02 9.690076858e-02 1.106362343e-01 1.265496314e-01 1.445349306e-01
 1.642819345e-01 1.868846118e-01 2.142516524e-01 2.472851276e-01 2.862550318e-01
 3.168907464e-01 3.316452801e-01 3.291492760e-01 3.102021515e-01 2.936748564e-01
 2.822531760e-01 4.920583963e-02 4.500232264e-02 4.146919399e-02 3.859745711e-02
 3.630701452e-02 3.463145345e-02 3.363333642e-02 3.336778656e-02 3.388363868e-02
 3.523089364e-02 3.745949641e-02 4.062375799e-02 4.477908462e-02 4.998509213e-02
 5.630978569e-02 6.383429468e-02 7.265882194e-02 8.291093260e-02 9.475734085e-02
 1.084460393e-01 1.238978729e-01 1.409519315e-01 1.596394777e-01 1.805533171e-01
 2.045468390e-01 2.325658053e-01 2.669082880e-01 2.931698859e-01 3.072494864e-01
 3.080408871e-01 2.915173769e-01 2.802007198e-01 2.728053033e-01 5.321375653e-02
 4.875912890e-02 4.483458400e-02 4.143438116e-02 3.844501078e-02 3.593282029e-02
 3.399023786e-02 3.271793202e-02 3.219663724e-02 3.254398704e-02 3.384338319e-02
 3.620138392e-02 3.968359903e-02 4.434243217e-02 5.022563040e-02 5.737839639e-02
 6.584334373e-02 7.566259801e-02 8.687344939e-02 9.949555993e-02 1.135135144e-01
 1.288815141e-01 1.455465406e-01 1.634231806e-01 1.822395772e-01 2.012972981e-01
 2.191437781e-01 2.345268577e-01 2.455228120e-01 2.516026497e-01 2.536898553e-01
 2.538924813e-01 2.537004054e-01 5.559229851e-02 5.077141896e-02 4.626813903e-02
 4.209705442e-02 3.816819191e-02 3.456259519e-02 3.139416128e-02 2.879448794e-02
 2.695590258e-02 2.605898492e-02 2.626230195e-02 2.769439854e-02 3.043430671e-02
 3.449204564e-02 3.988586739e-02 4.662389308e-02 5.467933789e-02 6.401880831e-02
 7.459145784e-02 8.632639050e-02 9.912787378e-02 1.128681377e-01 1.273738444e-01
 1.423993558e-01 1.575861126e-01 1.724329889e-01 1.863545179e-01 1.987991184e-01
 2.093117982e-01 2.177225202e-01 2.242310643e-01 2.292484939e-01 2.332798690e-01
 5.706532672e-02 5.168983713e-02 4.637620226e-02 4.110628366e-02 3.590392694e-02
 3.084805608e-02 2.607155591e-02 2.181485295e-02 1.832537539e-02 1.584610902e-02
 1.460145880e-02 1.478138752e-02 1.652456634e-02 1.990411431e-02 2.492035367e-02
 3.148263320e-02 3.937926516e-02 4.854450747e-02 5.885045603e-02 7.015559822e-02
 8.230396360e-02 9.512178600e-02 1.084103286e-01 1.219389290e-01 1.354420185e-01
 1.486269236e-01 1.611976922e-01 1.728922576e-01 1.835249215e-01 1.930238754e-01
 2.014435530e-01 2.087395042e-01 2.150137126e-01 5.825978890e-02 5.204527453e-02
 4.558986425e-02 3.891724348e-02 3.211646155e-02 2.525284886e-02 1.857639290e-02
 1.236664038e-02 6.923647132e-03 2.553873463e-03-4.480982607e-04-1.820789184e-03
-1.358107314e-03 1.069832477e-03 5.499762949e-03 1.186327264e-02 1.998343877e-02
 2.958757803e-02 4.027243331e-02 5.182949454e-02 6.405563653e-02 7.676059753e-02
 8.975268900e-02 1.028389558e-01 1.158266366e-01 1.285285503e-01 1.407731324e-01
 1.524181664e-01 1.633648127e-01 1.735679060e-01 1.830424368e-01 1.916460693e-01
 1.993121654e-01 6.024612486e-02 5.232001841e-02 4.426848516e-02 3.593091667e-02
 2.729356103e-02 1.847305708e-02 9.739332832e-03 1.407970092e-03-6.169583183e-03
-1.262219250e-02-1.758112945e-02-2.070669830e-02-2.171702497e-02-2.041587047e-02
-1.671596803e-02-1.065471582e-02-2.399731660e-03 7.756558713e-03 1.941061206e-02
 3.207876533e-02 4.516865313e-02 5.853448436e-02 7.199472189e-02 8.539166301e-02
 9.858603030e-02 1.114552692e-01 1.238950565e-01 1.358229220e-01 1.471827179e-01
 1.579490304e-01 1.681347191e-01 1.775829941e-01 1.862196177e-01 6.138586253e-02
 5.202509090e-02 4.248682410e-02 3.255526349e-02 2.212387137e-02 1.139696501e-02
 6.532017142e-04-9.762627073e-03-1.945201866e-02-2.798165381e-02-3.490930423e-02
-3.981581330e-02-4.234051332e-02-4.221635312e-02-3.930015489e-02-3.359376267e-02
-2.525285631e-02-1.458221022e-02-2.018425148e-03 1.189714484e-02 2.654878795e-02
 4.128842056e-02 5.582081154e-02 7.004858553e-02 8.389484137e-02 9.729671478e-02
 1.102031395e-01 1.225747615e-01 1.343842149e-01 1.456148773e-01 1.562531292e-01
 1.662836373e-01 1.757258177e-01 6.123781577e-02 5.103237927e-02 4.042676464e-02
 2.920789458e-02 1.732990146e-02 5.017765798e-03-7.427237928e-03-1.962870359e-02
-3.114460222e-02-4.148595780e-02-5.014479533e-02-5.663015693e-02-6.050918624e-02
-6.144885346e-02-5.925272405e-02-5.388748273e-02-4.549497366e-02-3.438791633e-02
-2.103011496e-02-6.004503928e-03 1.002602186e-02 2.636012621e-02 4.229545593e-02
 5.759833753e-02 7.228181511e-02 8.635210246e-02 9.981210530e-02 1.126638204e-01
 1.249100491e-01 1.365554929e-01 1.476077884e-01 1.580906808e-01 1.680320501e-01
 6.067772210e-02 4.994576052e-02 3.866228089e-02 2.660048380e-02 1.376016438e-02
 3.760136606e-04-1.323516294e-02-2.667415701e-02-3.946765885e-02-5.108670145e-02
-6.097579375e-02-6.859158725e-02-7.344795018e-02-7.516243309e-02-7.349802554e-02
-6.839375943e-02-5.997942761e-02-4.857184365e-02-3.465345874e-02-1.883694902e-02
-1.821347862e-03 1.565422304e-02 3.285408020e-02 4.908431321e-02 6.449013203e-02
 7.913150638e-02 9.305475652e-02 1.062958091e-01 1.188835204e-01 1.308426857e-01
 1.421964467e-01 1.529791653e-01 1.632227451e-01 6.017456949e-02 4.921930656e-02
 3.769031540e-02 2.531556040e-02 1.210774668e-02-1.694925944e-03-1.576983742e-02
-2.970893495e-02-4.302635044e-02-5.517663062e-02-6.558421254e-02-7.368311286e-02
-7.896366715e-02-8.102105558e-02-7.959926128e-02-7.462365925e-02-6.621708721e-02
-5.469662696e-02-4.055184871e-02-2.440837584e-02-6.982752122e-03 1.096447557e-02
 2.867109887e-02 4.540572315e-02 6.118435785e-02 7.611177862e-02 9.026285261e-02
 1.036926582e-01 1.164434031e-01 1.285492927e-01 1.400403380e-01 1.509556323e-01
 1.613277197e-01 5.981521308e-02 4.906485602e-02 3.776998818e-02 2.564507164e-02
 1.271227933e-02-7.938818308e-04-1.455644611e-02-2.817469463e-02-4.117175564e-02
-5.301265791e-02-6.313337386e-02-7.097978145e-02-7.605338842e-02-7.795882970e-02
-7.644676417e-02-7.144575566e-02-6.307800859e-02-5.165633187e-02-3.766303509e-02
-2.171433903e-02-4.516088869e-03 1.318291482e-02 3.063478135e-02 4.713093117e-02
 6.274209172e-02 7.754880935e-02 9.161061049e-02 1.049719974e-01 1.176673993e-01
 1.297251135e-01 1.411703974e-01 1.520403475e-01 1.623688340e-01 5.971067026e-02
 4.947171733e-02 3.883089870e-02 2.750051953e-02 1.546307560e-02 2.938587451e-03
-9.773671627e-03-2.229573578e-02-3.417970985e-02-4.492592812e-02-5.401087925e-02
-6.092377380e-02-6.520889699e-02-6.650909036e-02-6.460476667e-02-5.944261327e-02
-5.114958435e-02-4.002982751e-02-2.654531412e-02-1.128342748e-02 5.083207507e-03
 2.183857188e-02 3.826118633e-02 5.395605043e-02 6.896264106e-02 8.330735564e-02
 9.700784087e-02 1.100765094e-01 1.225230843e-01 1.343564540e-01 1.455863565e-01
 1.562389731e-01 1.663442701e-01 5.936893448e-02 5.002321675e-02 4.047895223e-02
 3.044639342e-02 1.984595880e-02 8.876035921e-03-2.188738901e-03-1.300290972e-02
-2.316118404e-02-3.221664205e-02-3.970669582e-02-4.518583044e-02-4.826269671e-02
-4.863755777e-02-4.613539949e-02-4.073002189e-02-3.255540878e-02-2.190272138e-02
-9.203422815e-03 4.998675082e-03 2.008306980e-02 3.538981453e-02 5.039497092e-02
 6.502606720e-02 7.922629267e-02 9.294830263e-02 1.061525568e-01 1.188077927e-01
 1.308919340e-01 1.423910707e-01 1.532902420e-01 1.635671556e-01 1.732403338e-01
 5.803726614e-02 5.019076914e-02 4.222311080e-02 3.388629854e-02 2.513449453e-02
 1.611038856e-02 7.072200999e-03-1.666656579e-03-9.748186916e-03-1.678610034e-02
-2.238824219e-02-2.618420310e-02-2.785593644e-02-2.716816403e-02-2.399484441e-02
-1.833821088e-02-1.033771969e-02-2.674540738e-04 1.147725526e-02 2.439901792e-02
 3.793409094e-02 5.168651789e-02 6.549593061e-02 7.922065258e-02 9.273327887e-02
 1.059194878e-01 1.186801121e-01 1.309355497e-01 1.426311880e-01 1.537431180e-01
 1.642880440e-01 1.740639508e-01 1.829675734e-01 5.579160899e-02 4.996862262e-02
 4.386737943e-02 3.740775213e-02 3.065807559e-02 2.370940894e-02 1.680794545e-02
 1.023490354e-02 4.298879765e-03-6.765172584e-04-4.370691720e-03-6.488090381e-03
-6.782191806e-03-5.078873131e-03-1.296316157e-03 4.540857859e-03 1.229342725e-02
 2.171001956e-02 3.244763240e-02 4.402688891e-02 5.632592365e-02 6.914581358e-02
 8.229549229e-02 9.558465332e-02 1.088216677e-01 1.218175218e-01 1.343958974e-01
 1.464079916e-01 1.577482820e-01 1.683662981e-01 1.782751083e-01 1.872808188e-01
 1.952776611e-01 5.452971905e-02 5.023014918e-02 4.564278200e-02 4.081375524e-02
 3.584358469e-02 3.083810024e-02 2.593309619e-02 2.137229778e-02 1.740984246e-02
 1.430727914e-02 1.231766399e-02 1.166819222e-02 1.254192367e-02 1.506044436e-02
 1.927060075e-02 2.514087595e-02 3.253817558e-02 4.119842127e-02 5.107580870e-02
 6.202721596e-02 7.391364127e-02 8.657509834e-02 9.982270002e-02 1.134295017e-01
 1.271260232e-01 1.406073421e-01 1.535574943e-01 1.656902879e-01 1.767981499e-01
 1.867941320e-01 1.957247257e-01 2.034928203e-01 2.101767063e-01 5.439573899e-02
 5.096775293e-02 4.742408544e-02 4.382653907e-02 4.025176540e-02 3.679399565e-02
 3.356799856e-02 3.071051836e-02 2.838983946e-02 2.681533992e-02 2.618086711e-02
 2.665522136e-02 2.836873569e-02 3.139625117e-02 3.573428467e-02 4.142633453e-02
 4.847317562e-02 5.684611201e-02 6.652197242e-02 7.746441662e-02 8.961983770e-02
 1.029014066e-01 1.171640903e-01 1.321709901e-01 1.475553513e-01 1.627959907e-01
 1.772596985e-01 1.903120726e-01 2.014436275e-01 2.104616761e-01 2.175578624e-01
 2.231104821e-01 2.276199907e-01 5.418988690e-02 5.144169182e-02 4.872032255e-02
 4.607233033e-02 4.355620593e-02 4.124452546e-02 3.922504559e-02 3.760093823e-02
 3.649008274e-02 3.602115065e-02 3.632272407e-02 3.751508147e-02 3.970392421e-02
 4.297685623e-02 4.740519449e-02 5.305730924e-02 5.999738723e-02 6.828987598e-02
 7.800684124e-02 8.923033625e-02 1.020510867e-01 1.165539026e-01 1.327710450e-01
 1.506105065e-01 1.697577983e-01 1.894893050e-01 2.083616406e-01 2.246592045e-01
 2.364831418e-01 2.433022112e-01 2.460579872e-01 2.468261570e-01 2.471583486e-01
 5.341742560e-02 5.124336109e-02 4.919873923e-02 4.731009528e-02 4.561372474e-02
 4.415804520e-02 4.300434887e-02 4.222613573e-02 4.190715402e-02 4.213837534e-02
 4.301410168e-02 4.462858662e-02 4.707404226e-02 5.044075847e-02 5.481993034e-02
 6.030904502e-02 6.701745093e-02 7.507298887e-02 8.463041484e-02 9.589654207e-02
 1.090391353e-01 1.245519072e-01 1.429906338e-01 1.645948887e-01 1.895430684e-01
 2.186285853e-01 2.541353405e-01 2.815179527e-01 2.966220081e-01 2.983226180e-01
 2.825581133e-01 2.719841003e-01 2.652833760e-01 5.171029642e-02 5.009463429e-02
 4.867499694e-02 4.745300859e-02 4.643725231e-02 4.565007612e-02 4.513166100e-02
 4.493579268e-02 4.512479901e-02 4.576741904e-02 4.693690315e-02 4.870880395e-02
 5.116046220e-02 5.437286943e-02 5.843515322e-02 6.345172971e-02 6.955180317e-02
 7.690020651e-02 8.570525050e-02 9.621211886e-02 1.085432842e-01 1.239000559e-01
 1.436019987e-01 1.678970754e-01 1.966215670e-01 2.309687883e-01 2.713156641e-01
 3.032944500e-01 3.192850947e-01 3.178900778e-01 2.999057174e-01 2.843072712e-01
 2.737155557e-01 4.879296198e-02 4.788451642e-02 4.716823995e-02 4.663281143e-02
 4.623708874e-02 4.597968608e-02 4.591985047e-02 4.611619562e-02 4.660025984e-02
 4.742915928e-02 4.866674915e-02 5.037161335e-02 5.259826407e-02 5.540084094e-02
 5.883894861e-02 6.298674643e-02 6.794779748e-02 7.387970388e-02 8.103470504e-02
 8.982323855e-02 1.007969007e-01 1.149343699e-01 1.331550628e-01 1.561262310e-01
 1.843696386e-01 2.185100466e-01 2.578107119e-01 2.896341681e-01 3.060416281e-01
 3.057038486e-01 2.908636928e-01 2.769405544e-01 2.674064636e-01 4.468948394e-02
 4.494158551e-02 4.536205158e-02 4.572011158e-02 4.595189542e-02 4.594874755e-02
 4.594881088e-02 4.624093324e-02 4.678973928e-02 4.759862646e-02 4.873178899e-02
 5.021958798e-02 5.207763612e-02 5.431184545e-02 5.692053586e-02 5.989672616e-02
 6.323346496e-02 6.693816185e-02 7.107187808e-02 7.586288452e-02 8.199837059e-02
 9.138418734e-02 1.058203876e-01 1.260473579e-01 1.518459767e-01 1.816502810e-01
 2.128213346e-01 2.386500239e-01 2.545876801e-01 2.598508000e-01 2.563691735e-01
 2.513938248e-01 2.478224039e-01 3.988933936e-02 4.187834263e-02 4.455181956e-02
 4.600349069e-02 4.704489931e-02 4.761062190e-02 4.601921514e-02 4.564426839e-02
 4.592502862e-02 4.657613859e-02 4.754750058e-02 4.880634695e-02 5.031730980e-02
 5.203247070e-02 5.388278514e-02 5.576600134e-02 5.752696842e-02 5.892345309e-02
 5.956191197e-02 5.875714123e-02 5.507789180e-02 5.486598238e-02 6.244298071e-02
 8.088848740e-02 1.097095013e-01 1.385725439e-01 1.632288545e-01 1.834791899e-01
 1.988337189e-01 2.093524039e-01 2.158961147e-01 2.198524028e-01 2.225132436e-01
 3.466985747e-02 3.732927889e-02 4.036574066e-02 4.258893803e-02 4.397010431e-02
 4.438785091e-02 4.360970855e-02 4.337020218e-02 4.374157637e-02 4.442092031e-02
 4.537112638e-02 4.656250775e-02 4.793084785e-02 4.940139502e-02 5.087874830e-02
 5.223101005e-02 5.326572433e-02 5.368940160e-02 5.303365737e-02 5.050667375e-02
 4.492285848e-02 4.251576588e-02 4.823726788e-02 6.307825446e-02 8.726526052e-02
 1.121855080e-01 1.331285685e-01 1.506386995e-01 1.650265455e-01 1.765746772e-01
 1.856847554e-01 1.928840727e-01 1.987253428e-01 2.909811027e-02 3.135967255e-02
 3.360905126e-02 3.554379940e-02 3.701199964e-02 3.798620775e-02 3.857566789e-02
 3.923659772e-02 4.011625051e-02 4.116344079e-02 4.238801822e-02 4.378326610e-02
 4.530242831e-02 4.688845947e-02 4.847412184e-02 4.997834563e-02 5.130360276e-02
 5.233873799e-02 5.298046768e-02 5.322204530e-02 5.355441198e-02 5.593497306e-02
 6.219168380e-02 7.276710123e-02 8.708211780e-02 1.028376296e-01 1.179460734e-01
 1.317138672e-01 1.439395994e-01 1.546114236e-01 1.638336927e-01 1.717993319e-01
 1.787544340e-01 2.370017394e-02 2.543237433e-02 2.711824328e-02 2.871358581e-02
 3.018778190e-02 3.155193105e-02 3.286083788e-02 3.419554606e-02 3.562792018e-02
 3.719355166e-02 3.889237717e-02 4.070458561e-02 4.260439426e-02 4.456643760e-02
 4.656847194e-02 4.859500006e-02 5.064565316e-02 5.275258794e-02 5.501249805e-02
 5.763584375e-02 6.099016964e-02 6.555604190e-02 7.173728198e-02 7.965080440e-02
 8.904109150e-02 9.935568273e-02 1.099658385e-01 1.203674898e-01 1.302374303e-01
 1.394048482e-01 1.478105187e-01 1.554737985e-01 1.624618769e-01
 9.218124151e-01 9.450433254e-01 9.633731842e-01 9.850106835e-01 1.009596229e+00
 1.035336971e+00 1.063115835e+00 1.092350960e+00 1.123702049e+00 1.157070398e+00
 1.192652464e+00 1.230606556e+00 1.271234989e+00 1.314806819e+00 1.361647010e+00
 1.409518600e+00 1.464244843e+00 1.523505330e+00 1.588498592e+00 1.659429073e+00
 1.737025499e+00 1.823149443e+00 1.918646336e+00 2.026977777e+00 2.150711298e+00
 2.290516853e+00 2.451149940e+00 2.643894434e+00 2.883980989e+00 3.186831713e+00
 3.573848248e+00 4.237960339e+00 6.499935627e+00
   73   96
 4.513942897e-01 0.000000000e+00 4.516955316e-01 4.374999925e-02 4.543009698e-01
 8.749999851e-02 4.592592716e-01 1.312499940e-01 4.656249881e-01 1.683816016e-01
 4.669256806e-01 1.749999970e-01 4.787241518e-01 2.187500000e-01 4.875000119e-01
 2.415959984e-01 4.983279109e-01 2.624999881e-01 5.093749762e-01 2.810685039e-01
 5.312500000e-01 3.050920367e-01 5.327969790e-01 3.062500060e-01 5.531250238e-01
 3.231101930e-01 5.749999881e-01 3.331261575e-01 5.968750119e-01 3.373811841e-01
 6.187499762e-01 3.372449279e-01 6.406250000e-01 3.332847059e-01 6.625000238e-01
 3.255374432e-01 6.843749881e-01 3.136911392e-01 6.943072677e-01 3.062500060e-01
 7.062500119e-01 2.999563813e-01 7.281249762e-01 2.845961452e-01 7.500000000e-01
 2.647725940e-01 7.520908117e-01 2.624999881e-01 7.718750238e-01 2.449166179e-01
 7.937499881e-01 2.209066749e-01 7.954847813e-01 2.187500000e-01 8.156250119e-01
 1.949869841e-01 8.301170468e-01 1.749999970e-01 8.374999762e-01 1.638041288e-01
 8.564826250e-01 1.312499940e-01 8.593750000e-01 1.247158796e-01 8.747294545e-01
 8.749999851e-02 8.812500238e-01 5.941756815e-02 8.848716617e-01 4.374999925e-02
 8.873869181e-01 0.000000000e+00 8.819398284e-01-4.374999925e-02 8.812500238e-01
-4.612178728e-02 8.689920902e-01-8.749999851e-02 8.593750000e-01-1.080317050e-01
 8.476172686e-01-1.312499940e-01 8.374999762e-01-1.472678035e-01 8.177760243e-01
-1.749999970e-01 8.156250119e-01-1.778511852e-01 7.937499881e-01-2.042661309e-01
 7.796103358e-01-2.187500000e-01 7.718750238e-01-2.274698913e-01 7.500000000e-01
-2.489360571e-01 7.333419919e-01-2.624999881e-01 7.281249762e-01-2.679416537e-01
 7.062500119e-01-2.871896625e-01 6.843749881e-01-3.028726876e-01 6.783041358e-01
-3.062500060e-01 6.625000238e-01-3.201167881e-01 6.406250000e-01-3.354176581e-01
 6.187499762e-01-3.472445607e-01 6.107119918e-01-3.499999940e-01 5.968750119e-01
-3.633832037e-01 5.767519474e-01-3.731072247e-01 5.566289425e-01-3.828312457e-01
 5.439394712e-01-3.611550033e-01 5.312500000e-01-3.394787312e-01 5.176368952e-01
-3.062500060e-01 5.093749762e-01-2.921554744e-01 4.984810948e-01-2.624999881e-01
 4.875000119e-01-2.331828028e-01 4.834810793e-01-2.187500000e-01 4.721211195e-01
-1.749999970e-01 4.656249881e-01-1.417564452e-01 4.638394713e-01-1.312499940e-01
 4.575175345e-01-8.749999851e-02 4.533553720e-01-4.374999925e-02 4.513942897e-01
 0.000000000e+00
 4.402000010e-01-2.157000005e-01 4.402000010e-01 0.000000000e+00 4.402000010e-01
 4.327999949e-01 6.998999715e-01 4.327999949e-01 6.998999715e-01 4.029999971e-01
 7.649000287e-01 3.855000138e-01 7.656999826e-01 3.885999918e-01 9.552999735e-01
 3.377999961e-01 1.061599970e+00 3.377999961e-01 1.061599970e+00 2.661364079e-01
 8.206859827e-01 2.661364079e-01 8.191620708e-01 2.646123171e-01 8.191621304e-01
 2.635484338e-01 8.180886507e-01 2.624935508e-01 8.178097606e-01 2.305992693e-01
 8.188638091e-01 2.261227220e-01 8.345430493e-01 1.953541636e-01 8.366821408e-01
 1.918698996e-01 8.537555933e-01 1.692120582e-01 8.558217883e-01 1.661411524e-01
 8.703451157e-01 1.417700052e-01 8.720677495e-01 1.384914815e-01 8.838776946e-01
 1.126960069e-01 8.852357864e-01 1.092522144e-01 8.941891193e-01 8.233161271e-02
 8.956264257e-01 7.860748470e-02 9.046225548e-01 5.781485885e-02 9.061961174e-01
 5.077324435e-02 9.068898559e-01 4.660430551e-02 9.099677205e-01 1.871794648e-02
 9.099677205e-01 2.515308792e-03 9.099677205e-01 0.000000000e+00 9.099677205e-01
-2.642208943e-03 9.099677205e-01-1.871794648e-02 9.068898559e-01-4.660431668e-02
 9.061961174e-01-5.077328160e-02 9.046225548e-01-5.781487375e-02 8.956261277e-01
-7.860808820e-02 8.941888213e-01-8.233222365e-02 8.852354884e-01-1.092528254e-01
 8.838774562e-01-1.126966104e-01 8.720675111e-01-1.384920925e-01 8.703448772e-01
-1.417706162e-01 8.558214903e-01-1.661417633e-01 8.537553549e-01-1.692126691e-01
 8.366819024e-01-1.918705106e-01 8.345491290e-01-1.953424066e-01 8.188714385e-01
-2.261113226e-01 8.178095222e-01-2.305998802e-01 8.180883527e-01-2.624941468e-01
 8.191621304e-01-2.635492980e-01 8.191620708e-01-2.646123171e-01 8.206859827e-01
-2.661364079e-01 1.061599970e+00-2.661364079e-01 1.061599970e+00-3.377999961e-01
 9.552999735e-01-3.377999961e-01 8.234999776e-01-3.731999993e-01 8.208000064e-01
-3.632000089e-01 8.191999793e-01-3.571000099e-01 7.605000138e-01-3.727999926e-01
 7.577999830e-01-3.626999855e-01 7.572000027e-01-3.612000048e-01 7.563999891e-01
-3.596999943e-01 7.552999854e-01-3.585000038e-01 7.540000081e-01-3.574000001e-01
 7.529000044e-01-3.565999866e-01 7.509999871e-01-3.560000062e-01 7.494000196e-01
-3.556999862e-01 7.476999760e-01-3.556999862e-01 7.461000085e-01-3.560000062e-01
 7.020220160e-01-3.677940071e-01 7.020223737e-01-3.677938879e-01 6.941465139e-01
-3.707191050e-01 6.869515777e-01-3.750573099e-01 6.869519949e-01-3.750570118e-01
 6.293759942e-01-4.175719917e-01 6.293758154e-01-4.175721109e-01 6.232693791e-01
-4.230040014e-01 6.182460785e-01-4.294506907e-01 6.144716144e-01-4.366995990e-01
 6.120703816e-01-4.445117116e-01 6.111218929e-01-4.526292086e-01 6.116570830e-01
-4.607844055e-01 6.116570234e-01-4.607839882e-01 6.295009255e-01-5.739028454e-01
 7.028999925e-01-5.738999844e-01 7.028999925e-01-5.958999991e-01 6.021999717e-01
-5.958999991e-01 5.728999972e-01-5.794000030e-01 5.698999763e-01-5.794000030e-01
 5.698999763e-01-5.120999813e-01 5.606999993e-01-5.001000166e-01 4.683499932e-01
-4.746749997e-01 4.683499932e-01-2.962900102e-01 4.603999853e-01-2.510600090e-01
 4.402000010e-01-2.157000005e-01
    0 0.000000000e+00    0
 0.000000000e+00 1.255638897e-01 1.793577969e-01 2.214939892e-01 2.575346828e-01
 2.900029421e-01 3.198068738e-01 3.479412198e-01 3.746125698e-01 4.001495540e-01
 4.249212444e-01 4.490809739e-01 4.726997316e-01 4.959441721e-01 5.189285278e-01
 5.393472910e-01 5.622664690e-01 5.850419402e-01 6.080252528e-01 6.309880018e-01
 6.540808082e-01 6.775726080e-01 7.012666464e-01 7.255563140e-01 7.505824566e-01
 7.759928703e-01 8.021325469e-01 8.294492364e-01 8.583682179e-01 8.889036179e-01
 9.208118320e-01 9.575234652e-01 1.000000000e+00
    0
   33   33 1120824011 1139
 4.000000060e-01 1.100000024e+00-6.999999881e-01 6.999999881e-01
-1.562814875e+06-4.585828516e+04-1.450333594e+05-6.020898047e+04 2.345772344e+05
 2.499412969e+05 1.593667188e+05-5.103525312e+05-5.065248750e+05-2.736895625e+05
-2.628908125e+05 9.666542969e+03-1.058071680e+04 7.589120312e+04 7.589330469e+04
-1.209521484e+04-1.750925293e+03-5.388324707e+03
 0.000000000e+00 0.000000000e+00 0.000000000e+00 0.000000000e+00 0.000000000e+00
 0.000000000e+00 0.000000000e+00 0.000000000e+00 0.000000000e+00 0.000000000e+00
 0.000000000e+00 0.000000000e+00 0.000000000e+00 0.000000000e+00 0.000000000e+00
 0.000000000e+00 0.000000000e+00 0.000000000e+00 0.000000000e+00 0.000000000e+00
 0.000000000e+00 0.000000000e+00 0.000000000e+00 0.000000000e+00 0.000000000e+00
 0.000000000e+00 0.000000000e+00 0.000000000e+00 0.000000000e+00 0.000000000e+00
 0.000000000e+00 0.000000000e+00 0.000000000e+00 0.000000000e+00 0.000000000e+00
 0.000000000e+00 0.000000000e+00 0.000000000e+00 0.000000000e+00 0.000000000e+00
 0.000000000e+00 0.000000000e+00 0.000000000e+00 0.000000000e+00 0.000000000e+00
 0.000000000e+00 0.000000000e+00 0.000000000e+00 0.000000000e+00 0.000000000e+00
 0.000000000e+00 0.000000000e+00 0.000000000e+00 0.000000000e+00 0.000000000e+00
 0.000000000e+00 0.000000000e+00 0.000000000e+00 0.000000000e+00 0.000000000e+00
 0.000000000e+00 0.000000000e+00 0.000000000e+00 0.000000000e+00 0.000000000e+00
 0.000000000e+00 0.000000000e+00 0.000000000e+00 0.000000000e+00 0.000000000e+00
 0.000000000e+00 0.000000000e+00 0.000000000e+00 0.000000000e+00 0.000000000e+00
 0.000000000e+00 0.000000000e+00 0.000000000e+00 0.000000000e+00 0.000000000e+00
 0.000000000e+00 0.000000000e+00 0.000000000e+00 0.000000000e+00 0.000000000e+00
 0.000000000e+00 0.000000000e+00 0.000000000e+00 0.000000000e+00 0.000000000e+00
 0.000000000e+00 0.000000000e+00 0.000000000e+00 0.000000000e+00 0.000000000e+00
 0.000000000e+00 0.000000000e+00 0.000000000e+00 0.000000000e+00 0.000000000e+00
 0.000000000e+00 0.000000000e+00 0.000000000e+00 0.000000000e+00 0.000000000e+00
 0.000000000e+00 0.000000000e+00 0.000000000e+00 0.000000000e+00 0.000000000e+00
 0.000000000e+00 0.000000000e+00 0.000000000e+00 0.000000000e+00 0.000000000e+00
 0.000000000e+00 0.000000000e+00 0.000000000e+00 0.000000000e+00 0.000000000e+00
 0.000000000e+00 0.000000000e+00 0.000000000e+00 0.000000000e+00 0.000000000e+00
 0.000000000e+00 0.000000000e+00 0.000000000e+00 0.000000000e+00 0.000000000e+00
 0.000000000e+00 0.000000000e+00 0.000000000e+00 0.000000000e+00 0.000000000e+00
 0.000000000e+00 0.000000000e+00 0.000000000e+00 0.000000000e+00 0.000000000e+00
 0.000000000e+00 0.000000000e+00 0.000000000e+00 0.000000000e+00 0.000000000e+00
 0.000000000e+00 0.000000000e+00 0.000000000e+00 0.000000000e+00 0.000000000e+00
 0.000000000e+00 0.000000000e+00 0.000000000e+00 0.000000000e+00 0.000000000e+00
 0.000000000e+00 0.000000000e+00 0.000000000e+00 0.000000000e+00 0.000000000e+00
 0.000000000e+00 0.000000000e+00 0.000000000e+00 0.000000000e+00 0.000000000e+00
 0.000000000e+00 0.000000000e+00 0.000000000e+00 0.000000000e+00 0.000000000e+00
 0.000000000e+00 0.000000000e+00 0.000000000e+00 0.000000000e+00 0.000000000e+00
 0.000000000e+00 0.000000000e+00 0.000000000e+00 0.000000000e+00 0.000000000e+00
 0.000000000e+00 0.000000000e+00 0.000000000e+00 0.000000000e+00 0.000000000e+00
 0.000000000e+00 0.000000000e+00 0.000000000e+00 0.000000000e+00 0.000000000e+00
 0.000000000e+00 0.000000000e+00 0.000000000e+00 0.000000000e+00 0.000000000e+00
 0.000000000e+00 0.000000000e+00 0.000000000e+00 0.000000000e+00 0.000000000e+00
 0.000000000e+00 0.000000000e+00 0.000000000e+00 0.000000000e+00 0.000000000e+00
 0.000000000e+00 0.000000000e+00 0.000000000e+00 0.000000000e+00 0.000000000e+00
 0.000000000e+00 0.000000000e+00 0.000000000e+00 0.000000000e+00 0.000000000e+00
 0.000000000e+00 0.000000000e+00 0.000000000e+00 0.000000000e+00 0.000000000e+00
 0.000000000e+00 0.000000000e+00 0.000000000e+00 0.000000000e+00 0.000000000e+00
 0.000000000e+00 0.000000000e+00 0.000000000e+00 0.000000000e+00 0.000000000e+00
 0.000000000e+00 0.000000000e+00 0.000000000e+00 0.000000000e+00 0.000000000e+00
 0.000000000e+00 0.000000000e+00 0.000000000e+00 0.000000000e+00 0.000000000e+00
 0.000000000e+00 0.000000000e+00 0.000000000e+00 0.000000000e+00 0.000000000e+00
 0.000000000e+00 0.000000000e+00 0.000000000e+00 0.000000000e+00 0.000000000e+00
 0.000000000e+00 0.000000000e+00 0.000000000e+00 0.000000000e+00 0.000000000e+00
 0.000000000e+00 0.000000000e+00 0.000000000e+00 0.000000000e+00 0.000000000e+00
 0.000000000e+00 0.000000000e+00 0.000000000e+00 0.000000000e+00 0.000000000e+00
 0.000000000e+00 0.000000000e+00 0.000000000e+00 0.000000000e+00 0.000000000e+00
 0.000000000e+00-9.024309540e+01-4.759313965e+01-7.864350128e+01 0.000000000e+00
 0.000000000e+00 0.000000000e+00 0.000000000e+00 0.000000000e+00 0.000000000e+00
 0.000000000e+00 0.000000000e+00 0.000000000e+00 0.000000000e+00 0.000000000e+00
 0.000000000e+00 0.000000000e+00 0.000000000e+00 0.000000000e+00 0.000000000e+00
 0.000000000e+00 0.000000000e+00 0.000000000e+00 0.000000000e+00 0.000000000e+00
 0.000000000e+00 0.000000000e+00 0.000000000e+00 0.000000000e+00 0.000000000e+00
 0.000000000e+00 0.000000000e+00 0.000000000e+00 2.494621468e+01 2.483115692e+02
 4.065885315e+02 4.823739624e+02 4.612784424e+02 3.333242493e+02 9.502323914e+01
 0.000000000e+00 0.000000000e+00 0.000000000e+00 0.000000000e+00 0.000000000e+00
 0.000000000e+00 0.000000000e+00 0.000000000e+00 0.000000000e+00 0.000000000e+00
 0.000000000e+00 0.000000000e+00 0.000000000e+00 0.000000000e+00 0.000000000e+00
 0.000000000e+00 0.000000000e+00 0.000000000e+00 0.000000000e+00 0.000000000e+00
 0.000000000e+00 0.000000000e+00 0.000000000e+00 0.000000000e+00 0.000000000e+00
 7.495610809e+01 4.953887024e+02 8.781121216e+02 1.196444214e+03 1.423540527e+03
 1.535061157e+03 1.512005249e+03 1.343336060e+03 1.027741455e+03 5.739035034e+02
 8.319507241e-01 0.000000000e+00 0.000000000e+00 0.000000000e+00 0.000000000e+00
 0.000000000e+00 0.000000000e+00 0.000000000e+00 0.000000000e+00 0.000000000e+00
 0.000000000e+00 0.000000000e+00 0.000000000e+00 0.000000000e+00 0.000000000e+00
 0.000000000e+00 0.000000000e+00 0.000000000e+00 0.000000000e+00 0.000000000e+00
 0.000000000e+00 0.000000000e+00-3.361790085e+01 5.770399780e+02 1.194250000e+03
 1.787307495e+03 2.320211914e+03 2.754389160e+03 3.052427979e+03 3.182413818e+03
 3.122208496e+03 2.862867188e+03 2.410472900e+03 1.786021973e+03 1.023065918e+03
 1.629519806e+02 0.000000000e+00 0.000000000e+00 0.000000000e+00 0.000000000e+00
 0.000000000e+00 0.000000000e+00 0.000000000e+00 0.000000000e+00 0.000000000e+00
 0.000000000e+00 0.000000000e+00 0.000000000e+00 0.000000000e+00 0.000000000e+00
 0.000000000e+00 0.000000000e+00 0.000000000e+00 0.000000000e+00 0.000000000e+00
 3.974803772e+02 1.218575684e+03 2.073070068e+03 2.923537598e+03 3.723424805e+03
 4.420174316e+03 4.960055664e+03 5.294250977e+03 5.385312012e+03 5.212813965e+03
 4.776995605e+03 4.099488770e+03 3.220809326e+03 2.195055420e+03 1.083107910e+03
-5.528017807e+01 0.000000000e+00 0.000000000e+00 0.000000000e+00 0.000000000e+00
 0.000000000e+00 0.000000000e+00 0.000000000e+00 0.000000000e+00 0.000000000e+00
 0.000000000e+00 0.000000000e+00 0.000000000e+00 0.000000000e+00 0.000000000e+00
 0.000000000e+00 0.000000000e+00-7.078847504e+01 8.809307251e+02 1.926987549e+03
 3.038534668e+03 4.171931641e+03 5.269825684e+03 6.264547852e+03 7.083993652e+03
 7.659576172e+03 7.935187012e+03 7.875570312e+03 7.472322754e+03 6.746060547e+03
 5.744065918e+03 4.533824219e+03 3.193855469e+03 1.803801758e+03 4.360051270e+02
 0.000000000e+00 0.000000000e+00 0.000000000e+00 0.000000000e+00 0.000000000e+00
 0.000000000e+00 0.000000000e+00 0.000000000e+00 0.000000000e+00 0.000000000e+00
 0.000000000e+00 0.000000000e+00 0.000000000e+00 0.000000000e+00 0.000000000e+00
 2.288886719e+02 1.348943359e+03 2.599571289e+03 3.949727783e+03 5.350059082e+03
 6.733250000e+03 8.017344238e+03 9.112389648e+03 9.930061523e+03 1.039505078e+04
 1.045622168e+04 1.009516016e+04 9.330035156e+03 8.213652344e+03 6.825949707e+03
 5.262612793e+03 3.622330078e+03 1.995351685e+03 4.553485413e+02 0.000000000e+00
 0.000000000e+00 0.000000000e+00 0.000000000e+00 0.000000000e+00 0.000000000e+00
 0.000000000e+00 0.000000000e+00 0.000000000e+00 0.000000000e+00 0.000000000e+00
 0.000000000e+00 0.000000000e+00 0.000000000e+00 4.689732971e+02 1.709705200e+03
 3.109104248e+03 4.635090332e+03 6.234494141e+03 7.832866699e+03 9.337659180e+03
 1.064534766e+04 1.165225586e+04 1.226779199e+04 1.242780762e+04 1.210525000e+04
 1.131551367e+04 1.011495312e+04 8.592703125e+03 6.857617676e+03 5.023301758e+03
 3.194409668e+03 1.456710205e+03-1.278533478e+02 0.000000000e+00 0.000000000e+00
 0.000000000e+00 0.000000000e+00 0.000000000e+00 0.000000000e+00 0.000000000e+00
 0.000000000e+00 0.000000000e+00 0.000000000e+00 0.000000000e+00 0.000000000e+00
 0.000000000e+00 5.893360596e+02 1.880113647e+03 3.341721924e+03 4.941916504e+03
 6.626185059e+03 8.317273438e+03 9.918250977e+03 1.131978516e+04 1.241143652e+04
 1.309569531e+04 1.330232031e+04 1.299998730e+04 1.220237500e+04 1.096699219e+04
 9.386769531e+03 7.576314453e+03 5.655980957e+03 3.737182129e+03 1.911692749e+03
 2.463522034e+02 0.000000000e+00 0.000000000e+00 0.000000000e+00 0.000000000e+00
 0.000000000e+00 0.000000000e+00 0.000000000e+00 0.000000000e+00 0.000000000e+00
 0.000000000e+00 0.000000000e+00 0.000000000e+00 0.000000000e+00 5.580682373e+02
 1.817133423e+03 3.239577148e+03 4.793721680e+03 6.426389648e+03 8.062505859e+03
 9.608125977e+03 1.095752051e+04 1.200412109e+04 1.265405469e+04 1.283994922e+04
 1.253210938e+04 1.174432129e+04 1.053266895e+04 8.987389648e+03 7.219605469e+03
 5.345941895e+03 3.474342041e+03 1.693684814e+03 6.851718140e+01 0.000000000e+00
 0.000000000e+00 0.000000000e+00 0.000000000e+00 0.000000000e+00 0.000000000e+00
 0.000000000e+00 0.000000000e+00 0.000000000e+00 0.000000000e+00 0.000000000e+00
 0.000000000e+00 0.000000000e+00 3.847576599e+02 1.535379272e+03 2.824478271e+03
 4.221924805e+03 5.678509277e+03 7.125950195e+03 8.479961914e+03 9.646833008e+03
 1.053326367e+04 1.105826855e+04 1.116510938e+04 1.083073535e+04 1.007044238e+04
 8.936430664e+03 7.510392578e+03 5.891754395e+03 4.184232910e+03 2.483549805e+03
 8.685817261e+02 0.000000000e+00 0.000000000e+00 0.000000000e+00 0.000000000e+00
 0.000000000e+00 0.000000000e+00 0.000000000e+00 0.000000000e+00 0.000000000e+00
 0.000000000e+00 0.000000000e+00 0.000000000e+00 0.000000000e+00 0.000000000e+00
 1.158669815e+02 1.099601074e+03 2.187168213e+03 3.351071045e+03 4.548118652e+03
 5.720039551e+03 6.796551758e+03 7.701161133e+03 8.359368164e+03 8.708243164e+03
 8.705727539e+03 8.337693359e+03 7.621070312e+03 6.602125977e+03 5.350126953e+03
 3.947739502e+03 2.480274414e+03 1.025926270e+03 0.000000000e+00 0.000000000e+00
 0.000000000e+00 0.000000000e+00 0.000000000e+00 0.000000000e+00 0.000000000e+00
 0.000000000e+00 0.000000000e+00 0.000000000e+00 0.000000000e+00 0.000000000e+00
 0.000000000e+00 0.000000000e+00 0.000000000e+00 0.000000000e+00 5.950671387e+02
 1.448594116e+03 2.347279785e+03 3.254700684e+03 4.123759766e+03 4.899522949e+03
 5.523975586e+03 5.942363281e+03 6.110267578e+03 6.000183105e+03 5.606223633e+03
 4.945838867e+03 4.058018555e+03 2.998227783e+03 1.831162476e+03 6.231122437e+02
 0.000000000e+00 0.000000000e+00 0.000000000e+00 0.000000000e+00 0.000000000e+00
 0.000000000e+00 0.000000000e+00 0.000000000e+00 0.000000000e+00 0.000000000e+00
 0.000000000e+00 0.000000000e+00 0.000000000e+00 0.000000000e+00 0.000000000e+00
 0.000000000e+00 0.000000000e+00 9.302452850e+01 7.176986084e+02 1.362589111e+03
 1.998030640e+03 2.587740234e+03 3.091112793e+03 3.466831299e+03 3.677415771e+03
 3.694056152e+03 3.500871582e+03 3.097706055e+03 2.500823242e+03 1.741403931e+03
 8.617075806e+02-9.096751404e+01 0.000000000e+00 0.000000000e+00 0.000000000e+00
 0.000000000e+00 0.000000000e+00 0.000000000e+00 0.000000000e+00 0.000000000e+00
 0.000000000e+00 0.000000000e+00 0.000000000e+00 0.000000000e+00 0.000000000e+00
 0.000000000e+00 0.000000000e+00 0.000000000e+00 0.000000000e+00 0.000000000e+00
 0.000000000e+00 7.388526154e+01 5.053979797e+02 9.161354370e+02 1.279613403e+03
 1.567253906e+03 1.751102295e+03 1.806926025e+03 1.717322754e+03 1.474287109e+03
 1.080604858e+03 5.494017944e+02-9.545416260e+01 0.000000000e+00 0.000000000e+00
 0.000000000e+00 0.000000000e+00 0.000000000e+00 0.000000000e+00 0.000000000e+00
 0.000000000e+00 0.000000000e+00 0.000000000e+00 0.000000000e+00 0.000000000e+00
 0.000000000e+00 0.000000000e+00 0.000000000e+00 0.000000000e+00 0.000000000e+00
 0.000000000e+00 0.000000000e+00 0.000000000e+00 0.000000000e+00 0.000000000e+00
 0.000000000e+00 7.924925232e+01 2.775436096e+02 4.121801147e+02 4.648428650e+02
 4.204366760e+02 2.689826965e+02 7.466858387e+00 0.000000000e+00 0.000000000e+00
 0.000000000e+00 0.000000000e+00 0.000000000e+00 0.000000000e+00 0.000000000e+00
 0.000000000e+00 0.000000000e+00 0.000000000e+00 0.000000000e+00 0.000000000e+00
 0.000000000e+00 0.000000000e+00 0.000000000e+00 0.000000000e+00 0.000000000e+00
 0.000000000e+00 0.000000000e+00 0.000000000e+00 0.000000000e+00 0.000000000e+00
 0.000000000e+00 0.000000000e+00 0.000000000e+00 0.000000000e+00 0.000000000e+00
 0.000000000e+00 0.000000000e+00 0.000000000e+00 0.000000000e+00 0.000000000e+00
 0.000000000e+00 0.000000000e+00 0.000000000e+00 0.000000000e+00 0.000000000e+00
 0.000000000e+00 0.000000000e+00 0.000000000e+00 0.000000000e+00 0.000000000e+00
 0.000000000e+00 0.000000000e+00 0.000000000e+00 0.000000000e+00 0.000000000e+00
 0.000000000e+00 0.000000000e+00 0.000000000e+00 0.000000000e+00 0.000000000e+00
 0.000000000e+00 0.000000000e+00 0.000000000e+00 0.000000000e+00 0.000000000e+00
 0.000000000e+00 0.000000000e+00 0.000000000e+00 0.000000000e+00 0.000000000e+00
 0.000000000e+00 0.000000000e+00 0.000000000e+00 0.000000000e+00 0.000000000e+00
 0.000000000e+00 0.000000000e+00 0.000000000e+00 0.000000000e+00 0.000000000e+00
 0.000000000e+00 0.000000000e+00 0.000000000e+00 0.000000000e+00 0.000000000e+00
 0.000000000e+00 0.000000000e+00 0.000000000e+00 0.000000000e+00 0.000000000e+00
 0.000000000e+00 0.000000000e+00 0.000000000e+00 0.000000000e+00 0.000000000e+00
 0.000000000e+00 0.000000000e+00 0.000000000e+00 0.000000000e+00 0.000000000e+00
 0.000000000e+00 0.000000000e+00 0.000000000e+00 0.000000000e+00 0.000000000e+00
 0.000000000e+00 0.000000000e+00 0.000000000e+00 0.000000000e+00 0.000000000e+00
 0.000000000e+00 0.000000000e+00 0.000000000e+00 0.000000000e+00 0.000000000e+00
 0.000000000e+00 0.000000000e+00 0.000000000e+00 0.000000000e+00 0.000000000e+00
 0.000000000e+00 0.000000000e+00 0.000000000e+00 0.000000000e+00 0.000000000e+00
 0.000000000e+00 0.000000000e+00 0.000000000e+00 0.000000000e+00 0.000000000e+00
 0.000000000e+00 0.000000000e+00 0.000000000e+00 0.000000000e+00 0.000000000e+00
 0.000000000e+00 0.000000000e+00 0.000000000e+00 0.000000000e+00 0.000000000e+00
 0.000000000e+00 0.000000000e+00 0.000000000e+00 0.000000000e+00 0.000000000e+00
 0.000000000e+00 0.000000000e+00 0.000000000e+00 0.000000000e+00 0.000000000e+00
 0.000000000e+00 0.000000000e+00 0.000000000e+00 0.000000000e+00 0.000000000e+00
 0.000000000e+00 0.000000000e+00 0.000000000e+00 0.000000000e+00 0.000000000e+00
 0.000000000e+00 0.000000000e+00 0.000000000e+00 0.000000000e+00 0.000000000e+00
 0.000000000e+00 0.000000000e+00 0.000000000e+00 0.000000000e+00 0.000000000e+00
 0.000000000e+00 0.000000000e+00 0.000000000e+00 0.000000000e+00 0.000000000e+00
 0.000000000e+00 0.000000000e+00 0.000000000e+00 0.000000000e+00 0.000000000e+00
 0.000000000e+00 0.000000000e+00 0.000000000e+00 0.000000000e+00 0.000000000e+00
 0.000000000e+00 0.000000000e+00 0.000000000e+00 0.000000000e+00 0.000000000e+00
 0.000000000e+00 0.000000000e+00 0.000000000e+00 0.000000000e+00 0.000000000e+00
 0.000000000e+00 0.000000000e+00 0.000000000e+00 0.000000000e+00 0.000000000e+00
 0.000000000e+00 0.000000000e+00 0.000000000e+00 0.000000000e+00 0.000000000e+00
 0.000000000e+00 0.000000000e+00 0.000000000e+00 0.000000000e+00 0.000000000e+00
 0.000000000e+00 0.000000000e+00 0.000000000e+00 0.000000000e+00 0.000000000e+00
 0.000000000e+00 0.000000000e+00 0.000000000e+00 0.000000000e+00 0.000000000e+00
 0.000000000e+00 0.000000000e+00 0.000000000e+00 0.000000000e+00 0.000000000e+00
 0.000000000e+00 0.000000000e+00 0.000000000e+00 0.000000000e+00 0.000000000e+00
 0.000000000e+00 0.000000000e+00 0.000000000e+00 0.000000000e+00 0.000000000e+00
 0.000000000e+00 0.000000000e+00 0.000000000e+00 0.000000000e+00 0.000000000e+00
 0.000000000e+00 0.000000000e+00 0.000000000e+00 0.000000000e+00 0.000000000e+00
 0.000000000e+00 0.000000000e+00 0.000000000e+00 0.000000000e+00 0.000000000e+00
 0.000000000e+00 0.000000000e+00 0.000000000e+00 0.000000000e+00 0.000000000e+00
 0.000000000e+00 0.000000000e+00 0.000000000e+00 0.000000000e+00 0.000000000e+00
 0.000000000e+00 0.000000000e+00 0.000000000e+00 0.000000000e+00 0.000000000e+00
 0.000000000e+00 0.000000000e+00 0.000000000e+00 0.000000000e+00 0.000000000e+00
 0.000000000e+00 0.000000000e+00 0.000000000e+00 0.000000000e+00 0.000000000e+00
 0.000000000e+00 0.000000000e+00 0.000000000e+00 0.000000000e+00 0.000000000e+00
 0.000000000e+00 0.000000000e+00 0.000000000e+00 0.000000000e+00 0.000000000e+00
 0.000000000e+00 0.000000000e+00 0.000000000e+00 0.000000000e+00 0.000000000e+00
 0.000000000e+00 0.000000000e+00 0.000000000e+00 0.000000000e+00 0.000000000e+00
 0.000000000e+00 0.000000000e+00 0.000000000e+00 0.000000000e+00 0.000000000e+00
 0.000000000e+00 0.000000000e+00 0.000000000e+00 0.000000000e+00 0.000000000e+00
 0.000000000e+00 0.000000000e+00 0.000000000e+00 0.000000000e+00 0.000000000e+00
 0.000000000e+00 0.000000000e+00 0.000000000e+00 0.000000000e+00 0.000000000e+00
 0.000000000e+00 0.000000000e+00 0.000000000e+00 0.000000000e+00 0.000000000e+00
 0.000000000e+00 0.000000000e+00 0.000000000e+00 0.000000000e+00
 00101225-Jul-2011 08:49:201120824011.01140    
